0,32436,2628
1,32688,28598
2,32940,28598
3,33192,28597
4,33444,28597
5,33696,28598
6,33948,28598
7,34200,28598
8,34452,28598
9,34704,28597
10,34952,28206
11,35180,26131
12,35380,23322
13,35551,20457
14,35724,20608
15,35878,18756
16,36022,17672
17,36224,23534
18,36420,22958
19,36603,21606
20,36772,20239
21,36894,15488
22,36973,11162
23,37032,9187
24,37085,8527
25,37136,8376
26,37189,8539
27,37235,7876
28,37275,7285
29,37305,6272
30,37331,5833
31,37346,4775
32,37361,4747
33,37372,4372
34,37380,3983
35,37381,3358
36,37383,3430
37,37389,3817
38,37397,4000
39,37405,4011
40,37413,4017
41,37416,3478
42,37416,3153
43,37414,2953
44,37413,3033
45,37411,2904
46,37407,2729
47,37401,2526
48,37396,2661
49,37393,2863
50,37390,2779
51,37390,3158
52,37388,2939
53,37387,3017
54,37384,2834
55,37380,2705
56,37374,2517
57,37366,2300
58,37356,2089
59,37346,2112
60,37339,2439
61,37335,2756
62,37333,2947
63,37332,3019
64,37332,3175
65,37336,3614
66,37341,3693
67,37343,3465
68,37349,3783
69,37355,3812
70,37358,3522
71,37359,3280
72,37356,2841
73,37353,2773
74,37352,3005
75,37351,3034
76,37350,3014
77,37349,3016
78,37348,3036
79,37353,3735
80,37360,3932
81,37367,3957
82,37369,3465
83,37370,3362
84,37372,3452
85,37373,3267
86,37376,3510
87,37381,3760
88,37390,4078
89,37397,3913
90,37402,3740
91,37406,3611
92,37406,3230
93,37405,3020
94,37403,2894
95,37399,2716
96,37392,2413
97,37383,2222
98,37374,2232
99,37366,2285
100,37357,2205
101,37348,2253
102,37341,2392
103,37334,2374
104,37326,2305
105,37319,2367
106,37315,2730
107,37311,2744
108,37309,2889
109,37307,2884
110,37302,2600
111,37296,2473
112,37291,2649
113,37286,2612
114,37279,2436
115,37272,2406
116,37266,2497
117,37261,2638
118,37259,2921
119,37257,2936
120,37255,2927
121,37254,3026
122,37251,2806
123,37248,2855
124,37244,2729
125,37241,2831
126,37239,2952
127,37236,2769
128,37236,3107
129,37235,3029
130,37235,3143
131,37235,3084
132,37233,2888
133,37229,2684
134,37224,2569
135,37219,2607
136,37214,2611
137,37211,2838
138,37209,2924
139,37205,2749
140,37199,2470
141,37191,2273
142,37182,2208
143,37173,2237
144,37165,2263
145,37155,2089
146,37146,2251
147,37136,2141
148,37125,2027
149,37114,2052
150,37102,1897
151,37089,1795
152,37076,1805
153,37066,2092
154,37055,2046
155,37046,2211
156,37038,2342
157,37031,2365
158,37022,2207
159,37013,2226
160,37008,2662
161,37008,3142
162,37010,3388
163,37008,2922
164,37003,2587
165,36997,2529
166,36990,2365
167,36982,2337
168,36976,2516
169,36970,2560
170,36962,2347
171,36953,2222
172,36948,2587
173,36943,2604
174,36940,2780
175,36942,3422
176,36945,3488
177,36946,3335
178,36946,3244
179,36945,3052
180,36941,2751
181,36935,2562
182,36929,2550
183,36923,2533
184,36917,2524
185,36912,2589
186,36912,3074
187,36912,3089
188,36911,3050
189,36911,3127
190,36910,3058
191,36905,2640
192,36898,2455
193,36889,2244
194,36880,2203
195,36870,2111
196,36864,2492
197,36859,2638
198,36855,2757
199,36852,2825
200,36850,2887
201,36841,2193
202,36834,2433
203,36827,2386
204,36821,2504
205,36813,2348
206,36804,2215
207,36794,2101
208,36782,1903
209,36771,2021
210,36761,2137
211,36753,2309
212,36747,2492
213,36741,2527
214,36734,2431
215,36727,2428
216,36721,2473
217,36719,2942
218,36717,2963
219,36714,2852
220,36713,3060
221,36713,3077
222,36711,2927
223,36710,3028
224,36708,2958
225,36707,2977
226,36707,3096
227,36705,2916
228,36699,2519
229,36692,2399
230,36684,2333
231,36681,2862
232,36683,3370
233,36686,3488
234,36689,3523
235,36692,3474
236,36694,3392
237,36693,3038
238,36691,2930
239,36689,2963
240,36687,2869
241,36686,3060
242,36686,3209
243,36686,3104
244,36684,2901
245,36684,3160
246,36686,3440
247,36691,3714
248,36695,3625
249,36698,3540
250,36699,3343
251,36701,3425
252,36704,3496
253,36707,3471
254,36709,3411
255,36709,3192
256,36708,3059
257,36704,2690
258,36698,2553
259,36693,2650
260,36691,2956
261,36689,2920
262,36686,2786
263,36679,2412
264,36671,2288
265,36661,2110
266,36649,1938
267,36639,2149
268,36630,2231
269,36620,2160
270,36609,1977
271,36598,2033
272,36589,2165
273,36582,2368
274,36580,2877
275,36580,3197
276,36583,3507
277,36590,3906
278,36594,3610
279,36598,3624
280,36605,3891
281,36610,3760
282,36613,3504
283,36618,3713
284,36626,4071
285,36633,3876
286,36636,3568
287,36638,3450
288,36637,3047
289,36636,3061
290,36639,3561
291,36647,4031
292,36659,4424
293,36676,4930
294,36690,4652
295,36700,4258
296,36711,4370
297,36721,4245
298,36735,4593
299,36746,4371
300,36758,4414
301,36765,3955
302,36771,3790
303,36775,3653
304,36777,3454
305,36777,3239
306,36778,3363
307,36781,3471
308,36787,3812
309,36795,4042
310,36804,4173
311,36807,3567
312,36808,3360
313,36809,3312
314,36813,3615
315,36818,3754
316,36824,3838
317,36830,3829
318,36840,4225
319,36849,4106
320,36858,4147
321,36867,4097
322,36874,3960
323,36881,3896
324,36885,3577
325,36889,3570
326,36890,3361
327,36893,3521
328,36901,4001
329,36916,4683
330,36927,4338
331,36935,4030
332,36939,3621
333,36944,3728
334,36950,3855
335,36956,3867
336,36966,4222
337,36976,4180
338,36981,3737
339,36987,3846
340,36991,3617
341,36993,3368
342,36997,3596
343,37000,3535
344,37003,3473
345,37005,3383
346,37005,3145
347,37006,3308
348,37007,3296
349,37007,3234
350,37007,3128
351,37006,2980
352,37006,3214
353,37008,3467
354,37011,3548
355,37014,3505
356,37017,3548
357,37021,3580
358,37025,3606
359,37029,3634
360,37032,3505
361,37037,3738
362,37042,3711
363,37044,3431
364,37046,3442
365,37047,3322
366,37046,3015
367,37044,2880
368,37043,2990
369,37047,3644
370,37058,4342
371,37071,4557
372,37085,4626
373,37100,4762
374,37114,4610
375,37129,4733
376,37140,4349
377,37148,4058
378,37158,4187
379,37166,4031
380,37169,3561
381,37172,3496
382,37177,3707
383,37183,3868
384,37194,4345
385,37208,4674
386,37217,4158
387,37224,3952
388,37240,4865
389,37256,4858
390,37273,4885
391,37290,4916
392,37306,4822
393,37320,4670
394,37334,4613
395,37351,4968
396,37369,5004
397,37385,4789
398,37401,4835
399,37416,4722
400,37431,4692
401,37437,3838
402,37442,3711
403,37445,3533
404,37449,3597
405,37454,3682
406,37457,3526
407,37463,3822
408,37467,3636
409,37467,3237
410,37467,3117
411,37467,3170
412,37466,3037
413,37466,3133
414,37468,3376
415,37471,3548
416,37476,3723
417,37480,3613
418,37484,3624
419,37489,3732
420,37495,3850
421,37500,3712
422,37504,3638
423,37510,3792
424,37517,3878
425,37522,3770
426,37529,3892
427,37536,3908
428,37541,3764
429,37543,3449
430,37543,3249
431,37543,3201
432,37545,3383
433,37550,3714
434,37556,3868
435,37559,3493
436,37559,3246
437,37559,3238
438,37562,3561
439,37569,3939
440,37578,4096
441,37588,4194
442,37595,3958
443,37601,3830
444,37609,4065
445,37619,4247
446,37628,4144
447,37637,4168
448,37645,4061
449,37653,4021
450,37662,4119
451,37668,3827
452,37675,3918
453,37684,4107
454,37689,3737
455,37694,3678
456,37698,3597
457,37699,3322
458,37704,3755
459,37709,3744
460,37715,3786
461,37719,3624
462,37720,3282
463,37720,3158
464,37720,3170
465,37720,3072
466,37720,3072
467,37720,3123
468,37721,3315
469,37721,3240
470,37721,3073
471,37718,2832
472,37715,2851
473,37715,3088
474,37715,3093
475,37714,3002
476,37713,3064
477,37712,3035
478,37712,3253
479,37716,3592
480,37721,3758
481,37726,3718
482,37731,3770
483,37735,3655
484,37736,3316
485,37737,3321
486,37737,3223
487,37737,3125
488,37737,3140
489,37737,3239
490,37737,3143
491,37735,2877
492,37730,2573
493,37724,2529
494,37719,2623
495,37715,2745
496,37714,3004
497,37712,2894
498,37709,2819
499,37707,2919
500,37705,2941
501,37705,3176
502,37705,3138
503,37703,2945
504,37702,2973
505,37702,3183
506,37704,3412
507,37707,3479
508,37707,3097
509,37704,2797
510,37700,2695
511,37697,2807
512,37691,2479
513,37687,2758
514,37687,3091
515,37687,3256
516,37693,3772
517,37698,3744
518,37706,3988
519,37713,3881
520,37718,3715
521,37717,3030
522,37711,2550
523,37704,2395
524,37699,2571
525,37694,2603
526,37687,2457
527,37683,2720
528,37681,2884
529,37674,2452
530,37664,2107
531,37654,2105
532,37647,2393
533,37640,2437
534,37633,2430
535,37626,2455
536,37621,2591
537,37616,2608
538,37609,2448
539,37604,2615
540,37600,2734
541,37598,2925
542,37595,2812
543,37591,2744
544,37586,2572
545,37580,2510
546,37573,2444
547,37566,2457
548,37561,2587
549,37556,2607
550,37552,2758
551,37549,2856
552,37545,2748
553,37541,2717
554,37538,2811
555,37536,2873
556,37532,2670
557,37529,2772
558,37525,2740
559,37521,2700
560,37517,2758
561,37512,2630
562,37507,2660
563,37502,2663
564,37497,2584
565,37492,2650
566,37485,2442
567,37481,2679
568,37476,2637
569,37471,2581
570,37464,2427
571,37455,2250
572,37445,2105
573,37436,2250
574,37427,2239
575,37417,2150
576,37406,2058
577,37396,2104
578,37391,2621
579,37388,2842
580,37387,2971
581,37385,2867
582,37380,2594
583,37375,2568
584,37368,2456
585,37363,2580
586,37357,2528
587,37350,2365
588,37342,2320
589,37336,2515
590,37331,2588
591,37326,2582
592,37320,2551
593,37313,2416
594,37308,2581
595,37302,2504
596,37294,2286
597,37288,2526
598,37284,2701
599,37276,2342
600,37266,2158
601,37262,2686
602,37256,2547
603,37251,2617
604,37245,2476
605,37239,2477
606,37231,2287
607,37222,2194
608,37212,2086
609,37203,2220
610,37203,3219
611,37207,3586
612,37208,3365
613,37208,3260
614,37206,2949
615,37201,2589
616,37195,2552
617,37190,2607
618,37185,2572
619,37179,2487
620,37173,2488
621,37168,2578
622,37164,2690
623,37160,2709
624,37156,2687
625,37151,2635
626,37146,2599
627,37137,2238
628,37128,2214
629,37119,2200
630,37109,2148
631,37099,2133
632,37092,2426
633,37084,2295
634,37076,2299
635,37069,2446
636,37063,2504
637,37058,2590
638,37054,2691
639,37049,2643
640,37045,2666
641,37041,2723
642,37036,2649
643,37031,2621
644,37027,2756
645,37024,2846
646,37022,2884
647,37017,2597
648,37012,2598
649,37007,2643
650,37003,2752
651,37000,2798
652,36997,2772
653,36993,2752
654,36989,2738
655,36987,2866
656,36984,2821
657,36982,2898
658,36978,2751
659,36975,2796
660,36973,2882
661,36972,3064
662,36972,3247
663,36972,3116
664,36973,3333
665,36977,3586
666,36978,3321
667,36978,3145
668,36978,3068
669,36977,3007
670,36976,3059
671,36975,3057
672,36972,2775
673,36967,2577
674,36961,2524
675,36955,2475
676,36951,2684
677,36950,3010
678,36952,3430
679,36957,3737
680,36963,3806
681,36969,3781
682,36973,3642
683,36976,3481
684,36978,3417
685,36980,3369
686,36979,3053
687,36977,2880
688,36977,3087
689,36980,3487
690,36985,3724
691,36992,3875
692,36998,3772
693,37001,3543
694,37007,3802
695,37013,3784
696,37016,3482
697,37018,3415
698,37022,3644
699,37027,3688
700,37031,3622
701,37047,4801
702,37066,5144
703,37079,4497
704,37086,3936
705,37089,3501
706,37091,3422
707,37091,3223
708,37091,3101
709,37091,3173
710,37092,3337
711,37092,3148
712,37092,3134
713,37092,3229
714,37093,3359
715,37097,3593
716,37103,3796
717,37108,3730
718,37111,3533
719,37117,3850
720,37125,4009
721,37137,4420
722,37155,4997
723,37172,4959
724,37188,4871
725,37201,4554
726,37212,4313
727,37221,4076
728,37230,4101
729,37240,4250
730,37249,4143
731,37250,3349
732,37250,3111
733,37249,3040
734,37250,3320
735,37252,3416
736,37253,3325
737,37252,3043
738,37250,2915
739,37247,2790
740,37243,2755
741,37239,2703
742,37233,2550
743,37227,2464
744,37221,2537
745,37215,2479
746,37211,2726
747,37208,2768
748,37206,2873
749,37206,3130
750,37206,3086
751,37204,2883
752,37201,2815
753,37198,2821
754,37196,2940
755,37195,2977
756,37195,3132
757,37195,3254
758,37192,2819
759,37186,2490
760,37180,2506
761,37173,2435
762,37167,2525
763,37163,2725
764,37159,2741
765,37160,3268
766,37163,3491
767,37167,3582
768,37170,3562
769,37172,3406
770,37171,2988
771,37166,2638
772,37159,2391
773,37152,2447
774,37146,2503
775,37140,2545
776,37137,2862
777,37137,3071
778,37138,3304
779,37139,3316
780,37142,3511
781,37145,3481
782,37148,3481
783,37150,3460
784,37150,3108
785,37147,2773
786,37146,3037
787,37145,3019
788,37143,2906
789,37140,2846
790,37138,2908
791,37136,2926
792,37134,2867
793,37131,2863
794,37128,2832
795,37126,2888
796,37123,2806
797,37119,2725
798,37116,2865
799,37117,3324
800,37119,3374
801,37122,3542
802,37123,3308
803,37125,3374
804,37125,3253
805,37128,3482
806,37135,3930
807,37144,4133
808,37151,3904
809,37155,3581
810,37159,3652
811,37167,3973
812,37175,4032
813,37182,3890
814,37188,3834
815,37195,3897
816,37198,3515
817,37203,3735
818,37210,3894
819,37221,4371
820,37232,4320
821,37247,4721
822,37261,4670
823,37273,4443
824,37283,4175
825,37293,4249
826,37303,4187
827,37312,4075
828,37320,4025
829,37326,3810
830,37333,3887
831,37338,3736
832,37342,3630
833,37345,3542
834,37348,3563
835,37352,3582
836,37355,3505
837,37357,3424
838,37357,3262
839,37357,3119
840,37358,3349
841,37361,3561
842,37367,3825
843,37370,3524
844,37372,3400
845,37373,3326
846,37373,3165
847,37373,3115
848,37374,3304
849,37374,3112
850,37374,3195
851,37374,3119
852,37374,3212
853,37374,3086
854,37371,2860
855,37371,3072
856,37371,3141
857,37374,3471
858,37378,3636
859,37383,3711
860,37392,4096
861,37402,4199
862,37409,3960
863,37417,4040
864,37425,4038
865,37432,3902
866,37438,3805
867,37446,4034
868,37456,4198
869,37467,4367
870,37473,3858
871,37477,3600
872,37480,3510
873,37484,3581
874,37487,3533
875,37490,3473
876,37491,3288
877,37490,2968
878,37486,2703
879,37486,3094
880,37485,3009
881,37484,2970
882,37480,2741
883,37475,2603
884,37472,2782
885,37470,2949
886,37470,3111
887,37473,3476
888,37477,3571
889,37477,3227
890,37477,3075
891,37479,3380
892,37479,3199
893,37481,3389
894,37484,3552
895,37486,3468
896,37488,3414
897,37489,3285
898,37489,3256
899,37488,2998
900,37489,3360
901,37489,3077
902,37489,3235
903,37493,3584
904,37496,3556
905,37503,3892
906,37509,3820
907,37516,3935
908,37519,3569
909,37521,3374
910,37522,3348
911,37528,3866
912,37534,3864
913,37539,3725
914,37540,3310
915,37539,3048
916,37541,3380
917,37547,3806
918,37551,3658
919,37558,3893
920,37561,3524
921,37564,3474
922,37568,3572
923,37576,4024
924,37584,4015
925,37590,3868
926,37591,3300
927,37591,3131
928,37591,3252
929,37592,3314
930,37594,3456
931,37600,3822
932,37601,3274
933,37602,3299
934,37604,3393
935,37606,3419
936,37610,3600
937,37621,4297
938,37633,4403
939,37643,4260
940,37655,4455
941,37668,4508
942,37683,4726
943,37696,4549
944,37711,4684
945,37723,4385
946,37736,4507
947,37753,4887
948,37773,5223
949,37789,4816
950,37799,4251
951,37808,4090
952,37820,4433
953,37828,4020
954,37834,3773
955,37836,3387
956,37840,3596
957,37846,3819
958,37853,3891
959,37861,4032
960,37862,3332
961,37861,3052
962,37858,2788
963,37854,2711
964,37848,2548
965,37842,2516
966,37837,2566
967,37831,2530
968,37825,2547
969,37821,2694
970,37820,2978
971,37819,3021
972,37818,3034
973,37815,2865
974,37814,2996
975,37812,2943
976,37812,3159
977,37813,3267
978,37814,3328
979,37814,3203
980,37812,2877
981,37808,2707
982,37804,2756
983,37801,2775
984,37799,2944
985,37799,3263
986,37801,3391
987,37801,3133
988,37801,3250
989,37807,3847
990,37810,3510
991,37814,3650
992,37818,3585
993,37822,3603
994,37827,3724
995,37828,3352
996,37828,3149
997,37827,3053
998,37827,3170
999,37827,3140