0,32439,2888
1,32691,28598
2,32943,28597
3,33195,28598
4,33447,28598
5,33699,28597
6,33951,28597
7,34203,28597
8,34455,28597
9,34707,28597
10,34959,28597
11,35211,28597
12,35452,27469
13,35639,22092
14,35786,17985
15,35904,15104
16,36011,13959
17,36100,12189
18,36181,11404
19,36248,9957
20,36308,9228
21,36358,8252
22,36410,8447
23,36463,8520
24,36519,8883
25,36569,8250
26,36621,8451
27,36656,6720
28,36678,5428
29,36698,5212
30,36720,5409
31,36747,5900
32,36768,5316
33,36786,4993
34,36805,5169
35,36825,5185
36,36841,4870
37,36859,5050
38,36876,4909
39,36882,3842
40,36888,3862
41,36895,3932
42,36905,4189
43,36921,4850
44,36945,5648
45,36971,5879
46,36997,5867
47,37015,4989
48,37029,4609
49,37035,3860
50,37040,3675
51,37051,4342
52,37061,4268
53,37064,3568
54,37061,2864
55,37058,2838
56,37056,2933
57,37055,3042
58,37056,3289
59,37062,3843
60,37069,3922
61,37074,3742
62,37078,3651
63,37082,3622
64,37082,3144
65,37081,3057
66,37078,2772
67,37074,2728
68,37069,2577
69,37069,3108
70,37068,3059
71,37068,3229
72,37071,3554
73,37073,3439
74,37073,3105
75,37073,3074
76,37071,2923
77,37068,2840
78,37068,3189
79,37068,3252
80,37065,2861
81,37063,2885
82,37067,3635
83,37077,4231
84,37088,4361
85,37104,4798
86,37122,4991
87,37134,4433
88,37143,4146
89,37155,4377
90,37165,4181
91,37175,4233
92,37185,4186
93,37191,3817
94,37194,3532
95,37199,3689
96,37200,3331
97,37203,3495
98,37209,3851
99,37215,3806
100,37219,3574
101,37237,4993
102,37250,4561
103,37263,4518
104,37277,4587
105,37286,4106
106,37299,4508
107,37314,4689
108,37335,5307
109,37361,5800
110,37387,5807
111,37410,5575
112,37430,5258
113,37444,4637
114,37453,4119
115,37466,4565
116,37483,4902
117,37500,4965
118,37513,4553
119,37519,3802
120,37523,3656
121,37527,3608
122,37532,3770
123,37535,3559
124,37537,3461
125,37540,3469
126,37546,3794
127,37552,3784
128,37556,3656
129,37557,3356
130,37558,3350
131,37558,3214
132,37563,3711
133,37567,3660
134,37571,3658
135,37575,3636
136,37578,3532
137,37581,3557
138,37585,3611
139,37587,3450
140,37589,3443
141,37593,3653
142,37598,3754
143,37603,3712
144,37610,3891
145,37619,4162
146,37625,3787
147,37629,3571
148,37629,3145
149,37629,3117
150,37627,2947
151,37621,2544
152,37614,2398
153,37604,2117
154,37595,2167
155,37587,2261
156,37578,2196
157,37570,2357
158,37563,2375
159,37553,2151
160,37543,2117
161,37535,2266
162,37525,2084
163,37515,2067
164,37505,2109
165,37497,2270
166,37489,2292
167,37484,2592
168,37481,2801
169,37477,2741
170,37473,2676
171,37470,2813
172,37467,2798
173,37463,2712
174,37462,3042
175,37463,3352
176,37467,3617
177,37470,3469
178,37470,3116
179,37468,2902
180,37468,3120
181,37468,3180
182,37466,2930
183,37464,2955
184,37462,2912
185,37462,3148
186,37462,3222
187,37462,3133
188,37465,3548
189,37465,3080
190,37463,2944
191,37461,2897
192,37454,2446
193,37445,2172
194,37437,2327
195,37434,2774
196,37431,2826
197,37432,3312
198,37432,3194
199,37429,2843
200,37427,2941
201,37428,3267
202,37430,3466
203,37432,3386
204,37433,3301
205,37433,3217
206,37433,3234
207,37433,3211
208,37434,3293
209,37434,3233
210,37430,2712
211,37423,2395
212,37415,2325
213,37411,2693
214,37409,2943
215,37409,3140
216,37406,2832
217,37398,2356
218,37390,2301
219,37384,2556
220,37380,2737
221,37376,2724
222,37373,2784
223,37370,2800
224,37365,2657
225,37360,2633
226,37354,2541
227,37346,2322
228,37341,2586
229,37338,2793
230,37334,2693
231,37330,2664
232,37325,2619
233,37319,2480
234,37314,2584
235,37309,2643
236,37304,2585
237,37300,2695
238,37292,2323
239,37281,2058
240,37269,1958
241,37258,1978
242,37247,2041
243,37235,1950
244,37225,2094
245,37216,2181
246,37208,2314
247,37200,2300
248,37191,2206
249,37182,2234
250,37169,1839
251,37156,1770
252,37145,1995
253,37136,2256
254,37127,2208
255,37119,2298
256,37114,2583
257,37108,2515
258,37100,2311
259,37096,2694
260,37092,2693
261,37090,2865
262,37089,3023
263,37087,2887
264,37083,2706
265,37079,2669
266,37076,2830
267,37076,3199
268,37079,3530
269,37085,3799
270,37086,3272
271,37082,2683
272,37075,2409
273,37066,2161
274,37057,2204
275,37049,2294
276,37041,2281
277,37032,2206
278,37022,2151
279,37013,2253
280,37005,2343
281,36999,2530
282,36996,2817
283,36994,2965
284,36994,3193
285,36994,3190
286,36994,3087
287,36994,3180
288,36995,3299
289,36997,3383
290,36997,3226
291,36999,3376
292,37001,3393
293,37002,3367
294,37004,3435
295,37006,3468
296,37008,3407
297,37008,3072
298,37004,2712
299,36998,2556
300,36992,2505
301,36987,2650
302,36980,2402
303,36970,2141
304,36959,2022
305,36949,2105
306,36942,2399
307,36937,2628
308,36932,2649
309,36927,2578
310,36921,2551
311,36915,2512
312,36910,2661
313,36905,2632
314,36901,2723
315,36897,2673
316,36894,2781
317,36891,2810
318,36888,2853
319,36885,2797
320,36880,2662
321,36873,2458
322,36867,2497
323,36862,2606
324,36860,2934
325,36861,3297
326,36865,3647
327,36869,3647
328,36871,3380
329,36870,3027
330,36867,2772
331,36864,2859
332,36864,3244
333,36866,3421
334,36865,3006
335,36862,2788
336,36858,2725
337,36855,2819
338,36853,2897
339,36852,3041
340,36850,2937
341,36849,3055
342,36849,3097
343,36849,3213
344,36849,3141
345,36849,3149
346,36847,2929
347,36842,2577
348,36836,2488
349,36829,2461
350,36823,2479
351,36819,2680
352,36818,3011
353,36817,3015
354,36816,2994
355,36813,2787
356,36809,2683
357,36804,2633
358,36800,2706
359,36796,2735
360,36796,3115
361,36795,3035
362,36791,2727
363,36786,2605
364,36781,2592
365,36776,2617
366,36772,2713
367,36768,2733
368,36762,2485
369,36755,2462
370,36749,2483
371,36742,2411
372,36736,2535
373,36731,2613
374,36728,2817
375,36727,2999
376,36728,3274
377,36728,3096
378,36727,3023
379,36726,3059
380,36724,2894
381,36721,2770
382,36717,2712
383,36713,2733
384,36708,2637
385,36704,2681
386,36702,2914
387,36700,2961
388,36699,3026
389,36699,3170
390,36700,3313
391,36701,3331
392,36700,3056
393,36700,3143
394,36699,3046
395,36697,2890
396,36694,2851
397,36690,2762
398,36686,2741
399,36681,2654
400,36675,2523
401,36679,3639
402,36681,3413
403,36682,3298
404,36683,3321
405,36685,3403
406,36684,2998
407,36682,2924
408,36679,2769
409,36677,2956
410,36677,3212
411,36678,3308
412,36680,3386
413,36681,3273
414,36678,2864
415,36675,2770
416,36670,2648
417,36665,2658
418,36662,2777
419,36661,3039
420,36661,3084
421,36661,3202
422,36662,3284
423,36662,3068
424,36662,3189
425,36662,3251
426,36662,3174
427,36662,3199
428,36663,3299
429,36663,3258
430,36663,3223
431,36663,3109
432,36661,2877
433,36659,2961
434,36658,3049
435,36658,3197
436,36658,3197
437,36664,3774
438,36671,3925
439,36678,3953
440,36685,3930
441,36691,3870
442,36695,3642
443,36696,3278
444,36696,3182
445,36697,3278
446,36697,3138
447,36696,3040
448,36695,2969
449,36693,2958
450,36693,3077
451,36693,3090
452,36694,3282
453,36696,3403
454,36697,3326
455,36697,3136
456,36698,3318
457,36702,3636
458,36707,3680
459,36710,3497
460,36712,3383
461,36712,3096
462,36712,3225
463,36715,3562
464,36722,3909
465,36730,4064
466,36736,3792
467,36741,3754
468,36743,3387
469,36743,3183
470,36743,3133
471,36743,3139
472,36742,3038
473,36740,2951
474,36739,2981
475,36739,3185
476,36740,3294
477,36741,3320
478,36741,3154
479,36740,3049
480,36738,2901
481,36736,2947
482,36736,3160
483,36736,3095
484,36736,3235
485,36736,3242
486,36737,3281
487,36737,3223
488,36737,3238
489,36739,3377
490,36742,3560
491,36748,3779
492,36753,3721
493,36760,3896
494,36765,3719
495,36769,3596
496,36771,3445
497,36772,3283
498,36771,3032
499,36768,2789
500,36765,2826
501,36766,3328
502,36768,3369
503,36768,3192
504,36767,3039
505,36769,3408
506,36770,3322
507,36773,3556
508,36779,3805
509,36787,4001
510,36794,3901
511,36799,3746
512,36801,3443
513,36802,3299
514,36803,3336
515,36805,3418
516,36808,3515
517,36808,3164
518,36806,2950
519,36804,2963
520,36804,3236
521,36805,3367
522,36807,3389
523,36810,3513
524,36810,3221
525,36810,3252
526,36810,3102
527,36809,2993
528,36808,3059
529,36807,3027
530,36805,2887
531,36802,2766
532,36799,2784
533,36797,2878
534,36795,2946
535,36797,3451
536,36801,3644
537,36805,3575
538,36805,3209
539,36805,3229
540,36805,3240
541,36811,3808
542,36817,3836
543,36821,3666
544,36825,3608
545,36826,3270
546,36825,3006
547,36824,3063
548,36825,3300
549,36828,3507
550,36832,3622
551,36835,3527
552,36835,3230
553,36835,3104
554,36838,3560
555,36844,3868
556,36851,3874
557,36854,3502
558,36855,3303
559,36855,3238
560,36856,3309
561,36858,3408
562,36861,3559
563,36865,3578
564,36868,3504
565,36868,3231
566,36869,3299
567,36870,3358
568,36872,3448
569,36873,3337
570,36872,3047
571,36871,3022
572,36868,2830
573,36864,2728
574,36859,2641
575,36856,2854
576,36857,3288
577,36859,3394
578,36862,3531
579,36869,3872
580,36880,4339
581,36893,4490
582,36901,4015
583,36906,3708
584,36908,3404
585,36910,3380
586,36913,3532
587,36913,3229
588,36914,3286
589,36916,3415
590,36918,3455
591,36920,3392
592,36923,3534
593,36926,3516
594,36929,3472
595,36930,3308
596,36930,3171
597,36930,3194
598,36930,3207
599,36929,3023
600,36930,3274
601,36930,3155
602,36927,2810
603,36923,2741
604,36917,2518
605,36911,2507
606,36907,2746
607,36907,3121
608,36907,3219
609,36904,2774
610,36898,2500
611,36890,2339
612,36883,2369
613,36876,2402
614,36868,2301
615,36859,2253
616,36849,2130
617,36840,2234
618,36831,2216
619,36822,2203
620,36814,2360
621,36806,2282
622,36796,2083
623,36785,2012
624,36774,2009
625,36764,2074
626,36756,2261
627,36750,2553
628,36746,2719
629,36741,2606
630,36735,2490
631,36728,2462
632,36724,2668
633,36721,2853
634,36720,2967
635,36720,3121
636,36718,2942
637,36716,2904
638,36713,2838
639,36711,2932
640,36708,2835
641,36703,2599
642,36699,2676
643,36696,2795
644,36694,2877
645,36691,2847
646,36688,2840
647,36685,2814
648,36682,2809
649,36678,2744
650,36674,2706
651,36670,2676
652,36665,2642
653,36660,2569
654,36653,2383
655,36646,2433
656,36640,2469
657,36635,2654
658,36632,2802
659,36628,2748
660,36627,2981
661,36627,3155
662,36627,3173
663,36626,3053
664,36626,3152
665,36626,3252
666,36628,3410
667,36628,3200
668,36624,2739
669,36618,2532
670,36613,2592
671,36609,2703
672,36606,2848
673,36606,3172
674,36606,3149
675,36605,3048
676,36602,2767
677,36598,2671
678,36594,2692
679,36591,2835
680,36589,2899
681,36584,2656
682,36578,2538
683,36573,2643
684,36571,2879
685,36567,2752
686,36565,2874
687,36562,2808
688,36557,2629
689,36552,2613
690,36547,2647
691,36542,2601
692,36537,2663
693,36533,2749
694,36531,2877
695,36527,2678
696,36524,2843
697,36522,2900
698,36517,2655
699,36510,2390
700,36501,2242
701,36497,2712
702,36496,2986
703,36494,2912
704,36490,2715
705,36489,3003
706,36489,3104
707,36489,3247
708,36489,3111
709,36489,3086
710,36489,3068
711,36487,2904
712,36481,2545
713,36475,2499
714,36472,2859
715,36468,2713
716,36463,2655
717,36459,2673
718,36455,2688
719,36451,2695
720,36445,2549
721,36440,2573
722,36435,2592
723,36431,2720
724,36427,2687
725,36424,2810
726,36420,2723
727,36414,2543
728,36407,2451
729,36400,2392
730,36392,2319
731,36386,2527
732,36381,2646
733,36376,2635
734,36371,2598
735,36365,2547
736,36360,2602
737,36356,2704
738,36353,2813
739,36349,2677
740,36343,2551
741,36340,2782
742,36337,2845
743,36335,2866
744,36333,2885
745,36332,2994
746,36331,3005
747,36330,3030
748,36329,3065
749,36329,3140
750,36331,3381
751,36332,3358
752,36334,3381
753,36336,3378
754,36338,3385
755,36339,3315
756,36339,3228
757,36339,3235
758,36340,3362
759,36341,3281
760,36340,2981
761,36337,2864
762,36336,3027
763,36336,3135
764,36336,3071
765,36334,2895
766,36331,2767
767,36326,2649
768,36319,2453
769,36314,2623
770,36311,2774
771,36309,2954
772,36308,3058
773,36305,2814
774,36301,2725
775,36297,2710
776,36294,2813
777,36291,2836
778,36288,2801
779,36284,2701
780,36278,2551
781,36275,2766
782,36275,3158
783,36277,3459
784,36281,3592
785,36287,3842
786,36292,3766
787,36296,3647
788,36298,3389
789,36302,3633
790,36308,3834
791,36312,3574
792,36317,3671
793,36319,3403
794,36320,3321
795,36321,3295
796,36323,3438
797,36326,3478
798,36329,3487
799,36332,3495
800,36336,3634
801,36345,4075
802,36352,3895
803,36360,4050
804,36373,4504
805,36386,4503
806,36396,4256
807,36403,3911
808,36409,3789
809,36415,3866
810,36423,4016
811,36430,3895
812,36441,4356
813,36453,4420
814,36464,4292
815,36476,4383
816,36488,4471
817,36502,4656
818,36516,4578
819,36530,4629
820,36543,4512
821,36554,4302
822,36564,4204
823,36571,3940
824,36575,3625
825,36579,3593
826,36585,3777
827,36592,3892
828,36600,4043
829,36612,4461
830,36631,5107
831,36653,5407
832,36672,5117
833,36681,4128
834,36686,3729
835,36691,3724
836,36697,3818
837,36702,3672
838,36704,3433
839,36706,3406
840,36714,4070
841,36724,4255
842,36737,4490
843,36752,4757
844,36768,4815
845,36777,4084
846,36781,3629
847,36784,3501
848,36788,3641
849,36793,3764
850,36800,3939
851,36810,4201
852,36825,4724
853,36841,4849
854,36854,4481
855,36867,4529
856,36877,4199
857,36885,4035
858,36895,4238
859,36904,4107
860,36912,4039
861,36919,3928
862,36925,3857
863,36930,3743
864,36936,3864
865,36939,3490
866,36939,3095
867,36937,2882
868,36932,2620
869,36928,2678
870,36924,2674
871,36919,2622
872,36914,2591
873,36910,2753
874,36905,2661
875,36899,2558
876,36895,2710
877,36890,2626
878,36884,2545
879,36881,2788
880,36879,2908
881,36877,2911
882,36874,2836
883,36874,3089
884,36875,3308
885,36877,3401
886,36879,3414
887,36879,3260
888,36883,3594
889,36888,3765
890,36891,3515
891,36893,3383
892,36894,3307
893,36896,3397
894,36899,3481
895,36906,3919
896,36912,3773
897,36915,3547
898,36923,4040
899,36930,3876
900,36934,3629
901,36938,3631
902,36942,3634
903,36945,3547
904,36947,3425
905,36948,3316
906,36948,3183
907,36948,3093
908,36946,2896
909,36941,2599
910,36935,2553
911,36928,2460
912,36922,2532
913,36916,2504
914,36909,2446
915,36902,2409
916,36895,2394
917,36888,2407
918,36880,2343
919,36873,2373
920,36865,2265
921,36856,2239
922,36847,2206
923,36840,2449
924,36833,2423
925,36825,2354
926,36818,2456
927,36813,2633
928,36809,2688
929,36803,2512
930,36796,2423
931,36791,2571
932,36789,2889
933,36786,2818
934,36781,2640
935,36775,2515
936,36769,2480
937,36764,2592
938,36761,2798
939,36758,2849
940,36757,3061
941,36756,3036
942,36754,2934
943,36750,2714
944,36746,2706
945,36742,2706
946,36736,2510
947,36728,2331
948,36719,2166
949,36709,2117
950,36700,2253
951,36692,2359
952,36687,2613
953,36687,3097
954,36688,3340
955,36689,3278
956,36688,3065
957,36685,2836
958,36682,2809
959,36682,3093
960,36682,3174
961,36682,3095
962,36679,2795
963,36674,2582
964,36668,2502
965,36662,2531
966,36659,2772
967,36656,2817
968,36653,2847
969,36650,2794
970,36648,2936
971,36648,3072
972,36648,3207
973,36648,3256
974,36650,3439
975,36651,3319
976,36651,3182
977,36651,3184
978,36653,3418
979,36655,3462
980,36657,3445
981,36660,3474
982,36661,3318
983,36661,3261
984,36661,3249
985,36662,3336
986,36662,3095
987,36661,3006
988,36657,2730
989,36652,2643
990,36649,2779
991,36645,2665
992,36640,2661
993,36636,2701
994,36632,2764
995,36629,2801
996,36627,2962
997,36623,2730
998,36620,2770
999,36617,2777