0,37408,4479
1,37395,4401
2,37383,4393
3,37371,4506
4,37358,4348
5,37347,4077
6,37338,3645
7,37334,3618
8,37330,3714
9,37325,3672
10,37320,3529
11,37317,3214
12,37317,3186
13,37317,3182
14,37317,3502
15,37314,3349
16,37313,3611
17,37309,3780
18,37303,3878
19,37296,3751
20,37291,3575
21,37287,3423
22,37285,3564
23,37282,3635
24,37278,3680
25,37273,3645
26,37269,3480
27,37266,3659
28,37262,3942
29,37255,3736
30,37250,3265
31,37250,3029
32,37251,3034
33,37252,3180
34,37252,3238
35,37252,3262
36,37252,3068
37,37252,2898
38,37254,2778
39,37257,2848
40,37260,3213
41,37260,3483
42,37257,3260
43,37257,2820
44,37260,2729
45,37264,2866
46,37266,3072
47,37266,3099
48,37266,2991
49,37267,2623
50,37272,2452
51,37279,2304
52,37287,2380
53,37294,2635
54,37299,2823
55,37302,2983
56,37303,3064
57,37304,3309
58,37303,3377
59,37301,3419
60,37299,3460
61,37297,3566
62,37294,3507
63,37291,3522
64,37288,3458
65,37286,3423
66,37284,3391
67,37282,3596
68,37278,3620
69,37274,3666
70,37270,3645
71,37266,3584
72,37262,3629
73,37258,3545
74,37255,3327
75,37254,3448
76,37252,3683
77,37247,3438
78,37245,3364
79,37244,2868
80,37246,3131
81,37246,3153
82,37246,3054
83,37247,3321
84,37246,3520
85,37243,3575
86,37239,3727
87,37234,3645
88,37230,3700
89,37225,3335
90,37224,3046
91,37225,2996
92,37226,3065
93,37227,3280
94,37226,3409
95,37224,3045
96,37225,3079
97,37225,2972
98,37226,3022
99,37227,2971
100,37228,2920
101,37230,2830
102,37233,2694
103,37237,2646
104,37242,2765
105,37245,2806
106,37248,2812
107,37251,2627
108,37256,2574
109,37261,2704
110,37265,2877
111,37267,2992
112,37268,3209
113,37268,3008
114,37269,3107
115,37269,3113
116,37269,3068
117,37269,3173
118,37269,3532
119,37266,3631
120,37262,3369
121,37260,3179
122,37260,2824
123,37263,2636
124,37268,2704
125,37272,2812
126,37275,2771
127,37278,2831
128,37281,3069
129,37281,3165
130,37281,3091
131,37281,3311
132,37280,3108
133,37280,3142
134,37280,3198
135,37280,3103
136,37280,2982
137,37281,3129
138,37281,3162
139,37281,3253
140,37281,3297
141,37280,3142
142,37280,3175
143,37280,3148
144,37280,3137
145,37280,3000
146,37281,3018
147,37282,2583
148,37287,2325
149,37295,2396
150,37302,2528
151,37308,2445
152,37315,2526
153,37321,2513
154,37327,2518
155,37333,2413
156,37340,2528
157,37346,2772
158,37349,2777
159,37352,2890
160,37354,2783
161,37357,2658
162,37362,2394
163,37369,2466
164,37375,2254
165,37384,2392
166,37391,2598
167,37396,2530
168,37402,2486
169,37408,2285
170,37416,2282
171,37424,2341
172,37432,2254
173,37441,2034
174,37452,2058
175,37463,2258
176,37472,2358
177,37480,2488
178,37486,2603
179,37491,2839
180,37494,3010
181,37495,3157
182,37495,3338
183,37494,3560
184,37491,3307
185,37490,3307
186,37489,3321
187,37488,3193
188,37488,2767
189,37491,2485
190,37497,2671
191,37501,2980
192,37502,3010
193,37503,2951
194,37505,3032
195,37506,3182
196,37506,3546
197,37503,3597
198,37499,4378
199,37487,4110
200,37478,4139
201,37469,4143
202,37460,3987
203,37452,3938
204,37445,3801
205,37439,3608
206,37435,3643
207,37431,3541
208,37428,3525
209,37425,3652
210,37421,3971
211,37414,3775
212,37408,4114
213,37399,4261
214,37389,4340
215,37378,4492
216,37365,4426
217,37353,4499
218,37340,4457
219,37328,4184
220,37318,4126
221,37309,3806
222,37303,3562
223,37300,3798
224,37294,3390
225,37292,3236
226,37292,3272
227,37291,3581
228,37287,3807
229,37281,3757
230,37276,3646
231,37272,3584
232,37268,3448
233,37266,3227
234,37266,3223
235,37266,3499
236,37263,3458
237,37261,3414
238,37259,3300
239,37258,3242
240,37258,3184
241,37258,3132
242,37258,3278
243,37257,3451
244,37255,3182
245,37255,3018
246,37256,2904
247,37258,2730
248,37262,2692
249,37266,2944
250,37268,3226
251,37268,3326
252,37267,3417
253,37265,3355
254,37264,3221
255,37264,3248
256,37264,3413
257,37262,3217
258,37262,2841
259,37265,2782
260,37268,2996
261,37269,2866
262,37271,2855
263,37274,3100
264,37274,3264
265,37274,3451
266,37272,3553
267,37269,3430
268,37267,3244
269,37267,3280
270,37266,3414
271,37264,3301
272,37263,3277
273,37262,3302
274,37261,3194
275,37261,3239
276,37261,3441
277,37259,3516
278,37256,3180
279,37256,2958
280,37258,3077
281,37258,3128
282,37258,2792
283,37261,2706
284,37265,2635
285,37270,2474
286,37276,2371
287,37283,2475
288,37289,2262
289,37297,2474
290,37303,2469
291,37309,2501
292,37315,2492
293,37321,2544
294,37327,2705
295,37331,2615
296,37336,2407
297,37343,2518
298,37349,2261
299,37357,2455
300,37364,2415
301,37371,2390
302,37378,2479
303,37384,2320
304,37392,2132
305,37402,2220
306,37411,2260
307,37420,2331
308,37428,2201
309,37437,2257
310,37446,2421
311,37453,2391
312,37460,2473
313,37466,2431
314,37473,2612
315,37478,2578
316,37483,2611
317,37488,2597
318,37493,2615
319,37498,2663
320,37503,2790
321,37506,3029
322,37507,3015
323,37508,2958
324,37510,3004
325,37511,3088
326,37511,3202
327,37511,3226
328,37511,3081
329,37511,2976
330,37512,3113
331,37512,3053
332,37513,2893
333,37515,2590
334,37520,2470
335,37526,2504
336,37532,2452
337,37539,2512
338,37545,2597
339,37550,2623
340,37555,2421
341,37562,2502
342,37568,2581
343,37573,2563
344,37578,2579
345,37583,2470
346,37589,2450
347,37596,2548
348,37602,2653
349,37607,2851
350,37610,2760
351,37614,2586
352,37619,2756
353,37623,3007
354,37624,3149
355,37624,3037
356,37625,2694
357,37629,2526
358,37635,2332
359,37643,2146
360,37653,2210
361,37662,2296
362,37670,2429
363,37677,2351
364,37685,2251
365,37694,2276
366,37702,2249
367,37711,2309
368,37719,2492
369,37725,2601
370,37730,2782
371,37733,2833
372,37736,2866
373,37738,2969
374,37739,3039
375,37740,3045
376,37741,3111
377,37741,3069
378,37741,2954
379,37743,2643
380,37748,2766
381,37751,3073
382,37751,3170
383,37751,3038
384,37752,3030
385,37753,3215
386,37753,3346
387,37752,2807
388,37755,2476
389,37761,2394
390,37768,2218
391,37777,2109
392,37787,2099
393,37797,2175
394,37806,2311
395,37814,2149
396,37824,2172
397,37833,2179
398,37842,2584
399,37847,2579
400,37852,2417
401,37859,2244
402,37868,2192
403,37877,2132
404,37887,2121
405,37897,2103
406,37907,2316
407,37915,2416
408,37922,2657
409,37927,3257
410,37927,3333
411,37926,3241
412,37926,3280
413,37925,3295
414,37924,3266
415,37924,3150
416,37924,2842
417,37927,2919
418,37929,2817
419,37932,2830
420,37935,2926
421,37937,3014
422,37938,2966
423,37939,3286
424,37938,3405
425,37936,3807
426,37930,3567
427,37927,3231
428,37927,2902
429,37929,2938
430,37931,2825
431,37934,2710
432,37938,2641
433,37943,2761
434,37947,2775
435,37950,2752
436,37954,2763
437,37958,2698
438,37962,3096
439,37962,3148
440,37962,3054
441,37963,2955
442,37965,2904
443,37967,2606
444,37972,2791
445,37975,3041
446,37976,3016
447,37977,2883
448,37979,2733
449,37983,2634
450,37988,3102
451,37988,3295
452,37987,3142
453,37987,3117
454,37987,2969
455,37988,2693
456,37992,2656
457,37997,2453
458,38004,2187
459,38013,2330
460,38021,2409
461,38028,2595
462,38033,2902
463,38035,2990
464,38036,3120
465,38036,3115
466,38036,3016
467,38037,3013
468,38038,2846
469,38041,2705
470,38045,2758
471,38049,2594
472,38054,2619
473,38059,2651
474,38064,2600
475,38069,2584
476,38074,2647
477,38079,2637
478,38084,2570
479,38089,2770
480,38092,2642
481,38097,2428
482,38104,2527
483,38110,2618
484,38115,2610
485,38120,2766
486,38123,2957
487,38125,3036
488,38126,3003
489,38127,3047
490,38128,3374
491,38126,3511
492,38123,3958
493,38116,4121
494,38107,4078
495,38098,4047
496,38090,3732
497,38085,3622
498,38081,3745
499,38076,3795
500,38070,3709
501,38065,3505
502,38062,3375
503,38060,3526
504,38057,3712
505,38052,3771
506,38047,3812
507,38041,3620
508,38037,3645
509,38033,3721
510,38028,3742
511,38023,3426
512,38021,3320
513,38020,3194
514,38020,3156
515,38020,2714
516,38024,2498
517,38030,2565
518,38035,2635
519,38040,2735
520,38044,2818
521,38047,3115
522,38047,3253
523,38047,3307
524,38046,3178
525,38046,2852
526,38049,2848
527,38052,3018
528,38053,3056
529,38054,3117
530,38054,3390
531,38052,3782
532,38046,3921
533,38039,3878
534,38032,4094
535,38023,3879
536,38016,3815
537,38010,4155
538,38001,4105
539,37992,3610
540,37988,3770
541,37983,3712
542,37978,3653
543,37974,3658
544,37970,3573
545,37966,3531
546,37963,3579
547,37959,3748
548,37954,3978
549,37946,4176
550,37936,4716
551,37921,4673
552,37907,4314
553,37896,4344
554,37885,3994
555,37877,3661
556,37873,3807
557,37867,4330
558,37856,5001
559,37838,5171
560,37819,4469
561,37807,4603
562,37793,4954
563,37776,5144
564,37757,5185
565,37737,5177
566,37718,5090
567,37699,4973
568,37682,5230
569,37662,5392
570,37640,5110
571,37621,5110
572,37602,5531
573,37579,5649
574,37555,5665
575,37531,4911
576,37514,4317
577,37503,4253
578,37493,4191
579,37483,3873
580,37476,3899
581,37469,3789
582,37463,3668
583,37459,3944
584,37452,3954
585,37445,3716
586,37440,3611
587,37436,3036
588,37437,3273
589,37436,3440
590,37434,3221
591,37434,3039
592,37435,2755
593,37439,2689
594,37443,2408
595,37450,2649
596,37455,2816
597,37458,2796
598,37461,2720
599,37465,2383
600,37472,2648
601,37477,2794
602,37480,2795
603,37483,2930
604,37485,3194
605,37485,3310
606,37484,2992
607,37485,2760
608,37489,2743
609,37493,2622
610,37498,2374
611,37505,2425
612,37512,2594
613,37517,2815
614,37520,3043
615,37521,3326
616,37520,3531
617,37517,3391
618,37515,3645
619,37511,3782
620,37505,3362
621,37504,3528
622,37501,3718
623,37496,3305
624,37495,2893
625,37497,2555
626,37503,2276
627,37511,2239
628,37520,2595
629,37525,2651
630,37530,2668
631,37534,2663
632,37539,2708
633,37543,2775
634,37546,3034
635,37547,2853
636,37550,2582
637,37555,2461
638,37562,2379
639,37569,2261
640,37577,2267
641,37585,2388
642,37592,2396
643,37599,2552
644,37605,2998
645,37606,3134
646,37606,3222
647,37606,3381
648,37604,3092
649,37604,2723
650,37608,2657
651,37613,2793
652,37616,2775
653,37619,2703
654,37623,2782
655,37626,2935
656,37628,2931
657,37630,2842
658,37633,2563
659,37638,2504
660,37644,2694
661,37648,3138
662,37648,3013
663,37649,2924
664,37651,2556
665,37657,2280
666,37665,2319
667,37673,2427
668,37680,2429
669,37687,2477
670,37693,2519
671,37699,2577
672,37704,2748
673,37708,2802
674,37711,2776
675,37714,2881
676,37716,2855
677,37719,2486
678,37725,2268
679,37733,2333
680,37741,2243
681,37750,2413
682,37757,2570
683,37762,2701
684,37766,3040
685,37767,2866
686,37769,2984
687,37770,2571
688,37775,2597
689,37780,2891
690,37782,2703
691,37786,2985
692,37787,3005
693,37788,2815
694,37791,3052
695,37792,3279
696,37791,3385
697,37789,3137
698,37789,3410
699,37787,3043
700,37788,3050
701,37789,2958
702,37791,3250
703,37791,3197
704,37791,3668
705,37787,3751
706,37782,3469
707,37779,3398
708,37777,3083
709,37777,3297
710,37776,2928
711,37778,2900
712,37780,3208
713,37780,3186
714,37780,3116
715,37780,2984
716,37781,3115
717,37781,3219
718,37781,3207
719,37781,3464
720,37779,3456
721,37777,3372
722,37775,3379
723,37773,3168
724,37773,2899
725,37775,2859
726,37778,2856
727,37781,2703
728,37785,2717
729,37789,2573
730,37794,2892
731,37796,2925
732,37798,3072
733,37798,3100
734,37798,3130
735,37798,2944
736,37800,2879
737,37802,2899
738,37804,3087
739,37804,3391
740,37802,3355
741,37801,3146
742,37801,3203
743,37801,3012
744,37802,3150
745,37802,3733
746,37797,3806
747,37791,3156
748,37791,2925
749,37793,3194
750,37793,3207
751,37793,2811
752,37796,2804
753,37799,2753
754,37803,2857
755,37806,2871
756,37808,2876
757,37810,2943
758,37812,3021
759,37813,3145
760,37813,3377
761,37811,3330
762,37810,3301
763,37809,3205
764,37809,3264
765,37809,3044
766,37810,2557
767,37816,2641
768,37821,2660
769,37826,2714
770,37830,2673
771,37834,2624
772,37839,3096
773,37839,3610
774,37835,3929
775,37828,3873
776,37821,4110
777,37812,4488
778,37799,4660
779,37785,5205
780,37765,5882
781,37739,4812
782,37723,4876
783,37707,5277
784,37687,5200
785,37667,4959
786,37650,4803
787,37634,4711
788,37619,4046
789,37611,4156
790,37602,4013
791,37594,4329
792,37583,4092
793,37574,4091
794,37565,3517
795,37562,4108
796,37553,4441
797,37541,4223
798,37531,4299
799,37520,4225
800,37510,3789
801,37504,3884
802,37497,3916
803,37490,4312
804,37479,4431
805,37467,3789
806,37461,3627
807,37457,3604
808,37453,4029
809,37445,3980
810,37437,3547
811,37434,3906
812,37427,4035
813,37419,3948
814,37412,4029
815,37404,4293
816,37393,4235
817,37383,4265
818,37373,3941
819,37366,3687
820,37361,3458
821,37359,3574
822,37355,3823
823,37349,3834
824,37343,3904
825,37336,3865
826,37330,3608
827,37326,4053
828,37318,3848
829,37312,3552
830,37309,3304
831,37308,3451
832,37306,3508
833,37303,3579
834,37299,3453
835,37297,3412
836,37295,3279
837,37294,3318
838,37293,3203
839,37293,3094
840,37293,3341
841,37292,3768
842,37287,3969
843,37280,3661
844,37276,3472
845,37273,3380
846,37271,3047
847,37272,3029
848,37273,2760
849,37277,2753
850,37281,2767
851,37284,3032
852,37285,2975
853,37286,3123
854,37286,3339
855,37285,3125
856,37285,3152
857,37285,3071
858,37285,3165
859,37285,3290
860,37284,3206
861,37284,3211
862,37284,3463
863,37282,3926
864,37275,4014
865,37267,3455
866,37265,3373
867,37263,3576
868,37259,3365
869,37258,3364
870,37257,3508
871,37254,3586
872,37250,3269
873,37249,3202
874,37249,2896
875,37251,2989
876,37252,3033
877,37253,3240
878,37253,3547
879,37250,3449
880,37248,3352
881,37247,3357
882,37246,3554
883,37243,3513
884,37240,3081
885,37240,3079
886,37240,3104
887,37240,3050
888,37241,3022
889,37242,2728
890,37246,3103
891,37246,3318
892,37245,3254
893,37245,3321
894,37244,3641
895,37240,3578
896,37236,3418
897,37234,3173
898,37234,2617
899,37239,2733
900,37243,2625
901,37248,2610
902,37253,2892
903,37255,3238
904,37255,3516
905,37252,3438
906,37250,3034
907,37251,2585
908,37256,2786
909,37259,2742
910,37263,2941
911,37265,3133
912,37265,3414
913,37263,3740
914,37258,3475
915,37255,3291
916,37254,3068
917,37254,3041
918,37255,3168
919,37255,3090
920,37255,3131
921,37255,3201
922,37255,3022
923,37256,2878
924,37258,2908
925,37260,3010
926,37261,3451
927,37259,3170
928,37259,2952
929,37261,2921
930,37263,2832
931,37266,2718
932,37270,2766
933,37273,2788
934,37276,2758
935,37280,2751
936,37284,2782
937,37287,2801
938,37290,2664
939,37294,2576
940,37299,2657
941,37304,2647
942,37309,2658
943,37314,2401
944,37321,2406
945,37328,2378
946,37335,2073
947,37345,1943
948,37357,1988
949,37368,1994
950,37379,1808
951,37392,1858
952,37405,1837
953,37418,2016
954,37429,2083
955,37439,2043
956,37450,1862
957,37462,1527
958,37478,1380
959,37495,1340
960,37513,1226
961,37532,1258
962,37550,1453
963,37567,1560
964,37582,1585
965,37597,1552
966,37613,1572
967,37628,1764
968,37641,1987
969,37652,2200
970,37661,2511
971,37667,2731
972,37671,2626
973,37676,2250
974,37685,2205
975,37694,2195
976,37703,2324
977,37711,2574
978,37716,2660
979,37721,2570
980,37726,2436
981,37733,2464
982,37739,2338
983,37747,2364
984,37754,2408
985,37761,2259
986,37770,2403
987,37777,2500
988,37783,2340
989,37791,2478
990,37797,2493
991,37803,2613
992,37808,2634
993,37813,2653
994,37818,2680
995,37822,2894
996,37824,3022
997,37825,3131
998,37825,2886
999,37827,3140